1 626 70 626 70 1 Нет +
2 626 69,2 626 70 1 1 Нет +
3 662 529,2 662 530 1 1 Нет +
4 200,2 582 201 582 2 1 Нет +
5 229,2 500 230 500 4 1 Нет +
6 582 500 582 500 2 Нет +
7 172,2 598 173 598 2 1 Нет +
8 199,2 500 200 500 8 1 Нет +
9 598 500 598 500 3 Нет +
10 67,2 598 68 598 1 1 Нет +
11 89,2 500 90 500 2 1 Нет +
12 642 70 642 70 1 Нет +
13 642 69,2 642 70 1 1 Нет +
14 678 529,2 678 530 1 1 Нет +
15 2 610 579,2 2 610 580 1 1 Нет +
16 2 610 555 2 610 555 1 Нет +
17 559,2 604 560 604 2 1 Нет +
18 549,2 604 550 604 1 1 Нет +
19 315 529,2 315 530 6 1 Нет +
20 2 592 529,2 2 592 530 2 1 Нет +
21 350 529,2 350 530 1 1 Нет +
22 172,2 520 173 520 2 1 Нет +
23 520 500 520 500 2 Нет +
24 564 519,2 564 520 5 1 Нет +
25 599,2 559,2 600 560 1 1 1 Нет +
26 564 559,2 564 560 1 1 Нет +
27 299 70 299 70 1 Нет +
28 830 529,2 830 530 1 1 Нет +